Forward Selection Search
CS170_largetestdata__69.txt
85.400
97.000
95.000
91.400
90.000
88.400
86.200
85.200
82.800
82.800
82.200
81.400
80.200
79.800
82.200
81.000
82.000
81.000
81.600
80.400
80.400
82.000
83.600
82.800
82.200
81.800
82.000
81.200
81.800
81.600
82.000
82.600
82.600
82.600
82.600
81.800
81.000
80.400
80.000
79.600
79.800
79.200
79.000
78.200
78.400
79.000
79.400
79.000
79.600
79.200
79.000
78.600
78.200
78.600
78.200
78.000
77.800
77.600
77.400
76.800
76.800
77.200
77.600
77.600
77.800
77.600
77.600
77.800
78.000
77.400
77.800
78.600
77.600
77.800
78.600
78.200
78.200
78.000
77.600
77.600
78.000
78.000
77.800
77.400
77.200
76.800
75.400
74.400
74.000
73.800
73.400
73.200
73.200
72.600
73.000
72.200
72.000
71.400
70.000
69.400
Best set: { 47 40 } which had an accuracy of 97.000
Backward Elimination Search
CS170_largetestdata__69.txt
71.000
72.000
73.200
73.600
74.000
75.400
75.600
75.800
76.200
76.600
77.000
77.400
77.800
78.600
78.400
78.800
79.800
80.000
80.000
80.600
80.400
80.200
81.600
81.800
81.800
81.600
81.600
81.600
82.200
82.000
82.200
82.000
81.600
81.800
81.800
82.000
81.800
82.000
82.000
81.600
82.200
83.600
83.000
83.200
82.800
83.200
83.000
83.200
82.800
82.600
82.600
82.400
83.400
82.800
82.200
82.200
82.600
82.600
82.400
82.200
81.200
81.000
80.800
80.000
80.400
80.400
80.800
81.000
81.200
81.400
81.600
81.800
83.200
81.600
81.000
80.800
80.000
81.400
81.000
79.200
80.000
79.000
79.200
78.400
79.200
80.000
80.200
80.200
80.400
78.800
78.200
79.200
79.000
79.800
80.600
80.400
81.200
83.400
85.400
81.600
Best set: { 100 99 98 96 95 94 93 92 90 88 87 86 85 84 83 82 81 80 79 77 74 73 72 71 70 69 67 64 62 61 60 59 58 56 55 53 52 51 50 49 48 47 46 45 43 41 40 39 37 36 35 34 32 31 29 28 26 25 24 23 22 20 19 17 16 15 14 12 11 10 8 7 6 5 4 2 1 } which had an accuracy of 85.400
